-17.68277164549905,4.656350665777119
27.377202005924428,1.5920219832150853
3.4268817126555637,-4.572489423470914
6.14606422540119,1.278866401829234
-21.558039556294105,6.928297519406268
-16.3826596381077,3.7727027802187454
-20.275332673064018,4.416148189055388
26.46290563102758,-3.224364328051844
33.435083260645364,-3.2966443773101264
28.660111950329078,-4.296821354620995
29.89439833539629,-2.42927857828435
6.68265840218331,2.079957383008752
4.582384013707069,-1.8492618138530366
4.7434407094682545,-3.1185701924088387
-21.493225568303384,3.0578726660277393
6.455128440025192,-0.2606571590857663
-21.31176530976464,5.066990989657831
-18.328717909859897,3.8009649474208174
29.121846587314366,-1.9722811537358005
-17.989522126851075,3.353081510594476
3.9719866356457407,-1.476931687084797
6.8037908127918145,-0.10217277321518907
10.133424627373497,0.5895817625850271
6.222700462863805,-2.4558458624487716
-22.09379227426919,3.852539439078133
29.544419071556423,-4.505203502836812
-22.250607998718095,4.907257763023293
30.302593834880476,-5.700131205697018
5.057766901924143,-3.540653971033164
-22.528680598482325,3.2519592678364475
26.983765423114548,-2.7254731053537395
-17.899001516507024,3.6213498473780725
34.42900494983663,-2.442377452036134
6.1767719375767,0.39969916116087684
-21.5318522520772,7.2702339608843465
-18.196090286505914,5.612302475243106
27.353098918181153,-0.8527697020515366
31.173733012520565,-2.186773382229239
35.64504173574783,-0.5317586981445992
-20.71837189898349,3.525180700339989
32.53454627580549,-4.17183869222705
3.7662480581395257,-1.1359595440660377
29.65020429956744,-5.410807228612327
6.363192891761242,1.7353458635119563
7.83416927613772,0.3161932214148031
4.459492252896845,-0.1796862035770487
24.832141046242736,-0.07653805388770252
27.589097072849324,0.9126917519064537
-23.42731444681015,7.150527787549558
6.5836969680307025,-1.2128361055782786
31.046928472023396,-0.07052469928764449
2.5832795857165514,-1.326525664614674
6.313368026426463,-1.645439758720161
29.53541016060846,-1.9284862090086579
29.578714788668083,-0.4234065594946379
5.405726719846048,-2.7256114709692714
-21.296161122583165,10.700332078917153
-18.4850114989815,4.384519100779443
5.238537717026117,-1.1186899097578658
3.5275110535490155,-4.173932466777884
29.53327671344299,0.14586213261525405
-19.786337913518437,6.795367678248841
-20.78368822110602,5.690117163711536
-20.956425012713577,4.660810084952754
27.816530469467708,-1.888430899085402
28.995372853869263,-1.7507552873387549
3.928908564863753,-0.34381334554453163
-16.09436079746705,3.7118399408920837
-19.209614082190363,5.862555286029812
-21.030546877694253,5.543300605213385
2.7116259796528133,-3.9769100242293693
28.610904360825298,-5.738005985818885
35.63708968975396,-4.4382452604109375
-20.6054964723578,2.3160977438434025
-20.313114310124313,6.785310091981276
4.656545646185144,-0.3551938999485719
-15.975094262512059,7.031729463921112
29.550117508415553,-6.733463720912618
31.68523378220835,-0.7428715605719989
29.40390988688306,-2.325672634254309
6.418282218730171,1.8307982736094381
-18.515323257959352,6.222926099858206
-21.807633144091653,5.842906371966318
29.936640405933904,-0.2747072210106538
-18.14431063005628,2.7502101074283836
-22.22337502319932,5.366924589871442
30.13977163805049,-2.79607168845809
29.854811771070477,0.7986567675336538
32.553450806910824,-1.5298318434009814
5.88433498171858,0.9217552651290811
4.548952840580117,1.6696861053825476
28.973112593600483,-1.756890530640033
4.968587163568855,-2.915498963603873
-17.99307002731607,5.7264363068259945
26.913179196677383,-0.5925969746266915
-19.078622588815335,5.439369282648719
4.400117032740981,-3.4917081007331308
30.567558285684463,-5.04091746131541
27.51935779302789,-4.199233162493899
5.887241260848409,-0.999739767417552
28.500080779829428,-1.8248505650577422
7.462163981557898,-0.7480385882672403
31.196260218471163,-1.3453686940452996
4.454096606286596,0.7517372286697191
-19.90727845155401,8.667699342977182
28.97123562263439,-0.014745856999230256
-0.7816521974970412,2.0917583789435925
29.97897252978202,-3.170846112305065
28.06580240956308,-4.5607160867674565
-19.756355454594512,3.3858488434238074
8.313233786573715,-2.2604387856737573
-20.51657020459371,5.490539068819501
-19.26258499660985,4.670399387454105
-21.73392295664625,2.0352406015914637
30.054928622370895,-3.603779832603081
8.002878498003916,2.8889263339958173
-20.739316885469748,5.2047023641089165
31.70188234080575,-4.877384226723149
5.040305951024088,-2.0326149945897685
32.28957206791804,1.9815000336908568
4.2455837796923825,0.7488879850937982
27.683723821928524,-4.37289275639781
-20.308912935739855,3.2575635170766515
9.665179228125888,1.688386068705665
30.53240652345848,-0.8141304364422299
3.6097228881258063,-0.9768665326960128
-22.404493863755075,4.820435356306296
8.33297770253701,0.14951102186198398
30.758978266930797,0.22690188926997745
32.24412437556332,-2.833301935709473
-21.647809456012524,6.049977597446306
30.822320304737758,1.491468676911464
30.52627162810218,-0.22474765704358401
-20.250128479223754,2.94381960823944
31.99983135952975,-2.6023406130250484
6.650393399498322,-0.582841689926459
30.178600042950542,-2.3400833035944997
2.665437850153596,-1.5660254683514212
30.488177059555355,0.8401685182823262
29.34136005141443,-3.4364039696176603
5.785696922388067,1.6986369332122404
31.208525592516068,-5.145328170798514
27.85394152256934,-3.125944508307189
-20.01680086339393,10.666386595361917
25.278379437998364,-0.30862928378899124
-21.64024045494809,4.321212595179355
-19.587246483223396,7.3384283175132925
-22.38855516258057,3.6081867659200393
28.97410355160646,-1.876466183885795
30.804917030635846,-4.1943583838070975
4.343537739568361,0.9423640757517816
4.767233260112717,0.5107713124776987
-19.666814968183207,8.327438343051506
32.480796346377105,-0.6800142117706487
5.713702831059315,-0.7892898375634739
-18.398321456809615,3.3246247464390875
27.63123610272262,-2.191216061490085
-21.091691389037347,9.815070449047525
29.799933640085897,-0.2715295040983119
31.35129717814196,-0.27827404417484436
-17.12370849086124,2.633644806300017
6.409379809001863,-1.6349672014806276
-18.51301925497203,7.19065130070123
5.849457854190163,2.5211293408583977
-16.937720239635215,6.557346668076613
29.240701137207452,-4.060066073191752
30.54503802893744,-2.909120784702461
5.291441723170856,-1.195338286881889
-20.665594604840113,3.75365374973049
28.66413944679618,-3.5218318748955264
35.16244183655044,-4.76900146150229
7.591981622267121,1.799135454602497
32.8699294304211,-3.6294429635838994
3.268463752305556,-1.156796727540663
3.2979908596255285,0.4154312249528033
-20.153424543761236,5.670888188321214
28.230751805413068,-4.586311917085596
6.63955859249304,1.5688545022621816
-21.50106754642539,5.218777101688844
-20.32844976678219,8.182519403147026
29.625381386918388,-0.5914285039351865
9.12907392627398,-3.3499477042974726
29.785129949770138,-0.8066977771577459
33.75002826507763,-1.4362790732658228
9.244264655151923,-0.1944583577370032
-20.645035444532624,6.575080822506777
-20.57277257679642,7.273354098597508
-16.551564530448623,4.108447930923218
2.9571623541435836,-0.48106674659557236
30.37451164646666,-2.8003869411842044
2.4697699542634273,0.3180005246197803
30.26884312745199,0.1577847281677096
-21.69947967212084,4.808532679048644
-19.2726172568571,7.772314667705986
-19.620715932097614,2.0514516779849887
5.267806655971646,-0.4409025651284473
-20.77552656080724,4.839786283924671
5.845399789859675,0.8978892214795783
29.20272627618348,-0.564118277373
4.437974896718774,-2.445896762416456
-19.44152841291772,5.231422646735547
2.662440707001144,0.02271715084697643
30.637593015630134,-4.525076301985962
29.29910543881632,-2.324217431822049
31.945730440190623,-3.606838294526212
28.05659855751388,-3.700710507183523
2.881204410415291,0.33790494213920785
2.9374053290257667,-0.48235805885958444
2.324354209933724,-0.24873999757045911
29.447002600869833,-0.5334282871578317
7.032679913186918,-1.0178086057784552
30.70568536771655,-1.9186244842503937
-18.30532724908265,5.530273326747584
-20.178884796751895,5.119904000835509
29.969850272921388,-1.663247517178023
7.035445186269316,-2.4921218672617456
29.653069810914516,-0.977612660532764
-21.51212327985884,0.7324403777529129
5.7500121629803695,-3.402008598213704
-19.465324625223364,7.606379607758328
29.135730648522184,-3.8711685641375357
1.8535212151056406,-0.25108985739182443
-16.718225841618192,0.6055685304275729
-19.684783122453823,2.9827590814831746
-20.01459483931143,2.736770090749912
28.10736181913367,-0.924970732407113
5.703488215917036,-1.9768019915307782
-20.541430753647624,3.434901558621831
28.7996784529018,-2.2990937698120493
-19.969732985479816,8.92376396253034
28.86286788064976,0.4636768283362813
30.46796172671527,1.35138076063118
2.4847102907246597,2.7960452266442983
7.257957664516821,1.9328223278685455
4.027913013230376,0.486142504463297
1.0376467120065773,0.35077886523710444
30.016806003802888,-0.37219112612013316
29.915071038710657,-1.1787859924775739
31.57244350517257,-4.251867876391957
-19.512258309095117,4.3692207907122045
-20.35269949787499,7.600117870301235
29.537167350503143,-5.112665572417736
-20.249288107633475,2.8658162233820725
-20.302097927672886,6.994539733831745
4.241564814662084,-0.17111451797685415
-17.041300130649567,6.896500668363686
-18.641772022741335,5.0419351896210856
2.6676982045329143,1.5703342360875812
30.012352252721115,0.7036787006327336
-17.55664735928132,1.9446038058863615
1.8181519038695733,0.9513495798800636
5.577421673892503,0.3110693662464449
2.8583378632953313,-0.542342930059809
3.6713670529089395,-1.0269259584003696
-19.471388145687428,6.260395422006505
6.239475092373928,-1.8544309719792065
28.968600422766492,1.207064823007804
27.60286694703128,-1.2624836082486053
30.74523943095689,-1.6352411849740838
-16.403889930660185,5.057313276625431
5.672428546722815,-2.6254802390831875
-18.581756343778945,4.521621923489597
-18.056872720207537,4.900796685194502
-14.365394779221809,3.050195879293647
-19.769348934085272,4.920475968499347
31.594297510387726,-1.304427576627893
5.855704450568207,-0.5770282782398
31.939691600412438,1.9696842607018037
6.322445928882628,-1.863531777318748
28.638095702441802,-3.2980156022097606
4.610939115109859,-1.2280467562553994
-20.957974965176472,3.898990902618574
-24.148328786125433,4.62915116447471
32.9597783588159,-3.1525317156734567
3.1803301264905945,1.3063371303210696
30.78222119751305,-2.486143556029876
4.365284920266554,2.012552672658397
-20.170987666823276,4.686472037768754
0.8964257007557483,-0.8190311796895907
2.4921393325901215,-1.6416185615393626
33.903246924349126,-2.5477374103103303
4.770040742169044,2.816003489942843
30.297429704973855,0.9581211555602449
-19.627155177238265,6.205823834722649
27.7778474150442,-3.377588583977446
-19.676133962373108,4.164033974414295
1.544595529744612,-1.622778345368129
-16.781878744478583,5.615490682979686
31.01858325506203,2.425946375756431
29.94028738703609,-4.689014794777849
-20.08368696188969,1.1004255206302966
31.367521329554553,-3.9955016214557437
-18.42161490338936,6.928371327767819
4.375242857305565,-3.4976430266192846
2.6391708886112646,-0.29260764663307576
4.0690448961120165,-2.452879703012813
-19.16753136824635,2.200694978728687
26.513275452837117,-1.3149240397714514
1.4724782476641658,-2.663602519080258
30.560488730445634,-1.6971189190671554
34.57034647298091,-1.4853822278896482
7.88116121376903,1.604380609532315
-16.97872970936044,2.5999854460863188
26.151224464379602,-0.38655367902352156
1.332690054260175,-3.137801187121981
5.286879073737487,2.2627818581141117
30.16725319250133,-1.2262702249289026
32.39667634188973,-0.43109321373885856
-19.455723201077856,5.043450503813956
-16.17866185178859,5.125647322822174
4.904377920085473,-1.7064295147341568
-18.097609027739836,6.499345471926123
-19.406014156219324,4.875368766164834
7.751335546907175,-0.48629114584827043
7.417902525616434,4.003252924337783
5.6857968257129174,-1.0882449598259007
-20.01377405545402,5.340467778558924
2.0754965272949093,1.0521965272767344
31.573375387217894,-0.5557566575280168
8.357883804849918,-2.235902317294972
-19.993784352391003,3.999778463302083
-20.29947830738587,4.402687710076142
6.012711854068626,0.4904732015689065
0.7757234215121382,0.06348758323190086
-19.21402140363803,5.075180523298962
-21.717676639128737,5.402787032632995
32.563564856339674,-0.7174686186690182
-19.018296944589828,1.6315521464366278
-18.12231058904752,4.607047737786307
-21.788028039642906,6.5248498128550745
31.926694008914424,-3.39869025398984
-19.15412131774205,4.613128191128397
5.628262522889462,-0.594579858375371
-21.70962856642333,7.5657279134589785
28.447591751785147,-1.307815807881739
27.737522022481645,-0.6702722176216491
1.4763141229788541,2.157183041226322
-19.911487171751798,6.6380714060652855
31.798059555736362,-3.2325294240663314
4.541625933037268,-2.6203688714356326
27.96400759722419,-3.4805379709654303
2.564439233427142,-0.37613641540402604
-21.242095114013775,5.699051591011116
-23.493553725379538,3.7810015121471015
-21.787794210358054,3.65180055879778
-22.0956844557177,4.745636639494935
-23.145586355528106,0.8383488762729092
6.923438789435773,1.80729532814139
30.493804614127342,-4.202984087316972
26.87234533438143,0.5135648880337711
32.71937368344015,-3.6065563975319446
4.047638238578057,-0.1535270413686962
-17.701291522950893,7.34609557639308
-20.136551770398878,3.271870492442246
8.356744505309964,-0.6654672937542158
2.857642062469397,-3.3370132117924824
7.87021779940769,-4.692915738830523
-18.428232926443822,2.542138861408946
1.415241149991302,5.089965852933576
31.081312044465093,-1.482147060359551
-18.61217583932744,-1.893719983286041
-19.795101630453228,6.773322361531217
30.72567456640906,-1.3265584907940169
-21.794825430895088,7.046373288518558
33.75766512268946,-3.788069434878514
3.4263272175728536,0.44691029200465815
6.292179758743616,-4.061055407049631
6.659431490868751,-1.5779853464762268
6.002895575150055,-2.678168619507486
28.99357463951592,-4.376055745523514
31.323825514095546,-4.326405357606815
30.175340581245052,-3.920011029581198
1.3180631248348509,-1.831267781080859
3.6262006360723573,-1.5627380777656243
-20.47635161597868,5.316020801088407
5.8172942893020405,-0.38069820250467523
-19.342303825995103,7.120857299500862
-19.98916723497712,2.361010784187495
5.021433042852421,-0.18409143622153168
7.477857740714322,0.2185334655863027
-23.04300108360798,5.6868956778923625
3.488702119498056,-1.7491115046336723
31.27346752356444,0.28596695707783226
5.670920151165434,2.3580960628822556
27.91228119010741,-0.4241878247548354
27.121897756131595,-1.3046066406036807
3.666146108741154,-1.3985007971831285
32.20568405314436,-3.651640140868432
4.14222403874343,-1.8084602189107148
-22.22016719644637,6.099591661893939
31.836010199081656,-2.3953668591828814
5.7985654058164915,5.540372379973298
28.84581914584871,-3.0036015917643106
8.840411121450108,-0.821948036765786
6.837724948668564,-3.3106427202951436
27.726287408356665,1.6057240241124568
30.81976210629751,-2.7875445935667558
28.59574769456957,-1.0219828460403766
4.669574783564493,-1.7963785274376318
4.831664870244015,1.1842122924998004
25.95005181005096,-6.727639549454403
28.066643084236997,-1.8482754396807572
5.123641543721435,-2.938144870768738
5.2978099801770915,0.6673316358339888
3.5906695307652097,-3.7588582411476934
29.599358395539262,-3.506951493936902
6.477241029160057,0.9954190955410144
6.057534409810744,2.115643759973885
-19.793792573406545,5.692638691505571
7.1301005370620025,1.0807077928021824
6.497062257607831,0.7753388800271924
-19.90151882964092,5.396075621923262
28.851527476219452,-1.7482766606127926
-19.38514620286432,5.186164181100102
7.117249215686174,0.33091763399923446
-21.55837959582028,5.430256463845942
3.1921539256843325,1.4834552818182976
30.028409422640294,-2.1568556905845275
29.172372543047224,-2.968720809452318
4.466269142651695,0.5377608989023567
-18.591983468731048,4.378256206593345
6.018308379233554,2.259085655854608
4.255925475666333,-2.263683199039668
-20.63277057603026,6.489215172564994
7.026567725188555,-1.4441610331096746
-21.34948432891174,3.242170603453865
1.8663334284293573,1.9227123706203624
-21.995911134437957,5.692576808846819
32.111333299947496,-1.462022470436253
3.8799068399077883,-0.4083783169160179
31.696565894275555,-0.7865478010808715
32.10555223271472,-1.3676172934499666
-16.52937740184882,6.87103088590663
5.9683326211449845,2.0295673247645
-19.917433574207912,9.069032900980996
27.64679933239648,-3.636701707211505
32.10420348608797,0.5342323746642754
-16.579197032497014,3.399871278117728
5.316012765722573,2.974008003007316
-24.73990254890156,3.1455898260767836
6.173400768910355,1.051260585967104
6.804003120779927,-1.6509897580351103
27.775305816067547,-3.543879750776741
29.75803474099735,-2.7436601649832273
5.655618084517541,-0.5740783119050858
1.170632266436824,1.1101363727999694
-22.121509700069502,6.804592151285286
-20.28074848096079,1.7491969160839296
26.242927977568364,-3.9756660503511707
32.81331520153934,-4.849306553822434
6.038824545544583,1.63441148609142
-20.54025110283501,7.3390764223789065
4.96884217120935,-0.769833677800886
5.071787612149988,3.897809143415319
3.2429127872491437,1.5345441577370118
8.651046996484855,2.992587961796177
-20.825026947168617,2.1813015148799586
-24.493205007418254,8.60966233775438
2.4579423964997282,-1.5762587848970209
-17.65511769341132,6.691571840168837
3.9688964587505873,0.5899870597032799
27.445704152469315,-1.760709266141303
-17.896215678743193,4.7421832660273235
5.681173779764957,-2.996372962110834
3.6525933635399412,-1.952112951149697
-19.370826708947803,3.422690494696912
-22.482676685136642,2.3479590418947742
4.160248025730791,1.8044616449194422
-15.799453984579387,5.312856905076852
29.570521357884534,-3.1920704618118094
28.321107416690932,0.9106825117721242
-22.506955270953554,4.366947253633207
-20.18176039198986,8.348308175199424
-18.52135260382528,4.582705445898704
4.2469267912274855,-0.743479770911604
-18.44552306508502,2.002435940053135
2.468754004502315,1.7407006868692514
-19.133487210006205,4.0796599474956565
-19.504655454279376,3.24212837867816
30.676779632327584,-1.9608305492095117
8.12521635321602,2.3068390743438387
-19.125957631131147,2.8619250855292226
30.019868089197345,-1.136499853889748
4.780797840311575,-1.6261094755843253
-19.53845267415521,6.223819218209458
7.264774815542422,2.7139645429603734
31.70713418871472,1.7731231097883553
-22.901831211312476,7.821578770665475
3.915910385605669,-0.7435974002066627
31.378978426489443,-2.1436303230136096
27.17203613889953,-1.063880815833352
-20.16712922026349,8.639937941118616
5.8093969991704375,-1.415948196430088
27.476727583551494,-7.390427587482273
31.370984066544946,-4.176967160331438
-22.058364808179665,4.7380220415284935
4.125176154940611,0.6056434036714847
-18.860039464907924,3.300208118529256
8.238451079179722,-0.3096130133045042
33.43900842465298,-3.6171176924417123
-21.953175250971228,5.804378831502101
29.582006709130738,-1.3596315362502835
1.9577315480684478,-0.7295044606044961
4.416056419798438,1.4401620863491094
7.413379529437601,3.1830659945478854
-19.73174689087492,5.9078101563450645
4.658163338748674,-1.4094801560450254
-24.015863084095344,7.836478316870651
8.636851450354229,1.8481368765767123
6.513166141084259,-0.38935850011425044
-20.055218098087536,8.718689607756623
30.117783707879656,-3.3552810902700445
29.078123596534507,-1.6380817513607226
6.900393212595354,0.7768182995184878
8.283242035938358,0.9098911957210657
-20.222357443631914,6.725469409302406
30.941723475740943,0.19092924373814268
35.164515856149826,-2.002549732210775
26.517814522799508,1.2464147719326393
26.659150718484256,-1.114448257748881
26.90858436759991,1.3746837345633987
4.424441385659261,0.7670713394841461
5.357861937042821,2.477266168163979
24.390366846586662,-2.5904069322220957
28.36082468638437,-2.203990861563507
31.318212010146887,-0.8268797796769172
6.82067116449948,3.2686419262123687
-19.470853338117138,4.145347485840195
-20.38855604285738,6.009021637729099
6.57607134556277,-0.41239828230445935
1.9273185424313608,0.7192680660399507
-18.23033139000773,8.336823435574297
2.4511518821546843,-2.6971058294337134
29.990377898154627,-2.5667434850729545
28.354249841464878,-2.7823590458880734
4.480351426566264,-0.6095484049921599
30.407664337601215,-3.537562251203721
32.84508460087626,-2.136614184637762
4.142880120014486,1.7146818266642005
-19.31698654050852,2.158249766205639
-24.690707872638853,3.4512487480587595
-19.08716128883576,7.355129833968178
27.970037811596203,-1.1447972466470648
-18.242545098444467,5.929506613195777
-21.305010471967794,2.741095369324888
-18.979291187288858,8.338086276448276
2.9147326838146634,-1.670058756347382
-20.54822815390655,7.319379463565996
-21.146659809101475,7.120565514488899
3.9720504192366817,-6.060336605101436
4.484032044081188,-0.49442425465236295
32.378130631261854,0.6397922933647426
5.340757665544714,-1.012444292421907
29.80493032162793,0.6072680789618672
28.956672517557298,-3.5493296236111216
29.260170430414817,-0.5190782804105583
4.377206375595867,-2.9762595986142593
31.460571317280742,-0.7382239114893303
-22.15169191150053,3.687278717389618
29.45589382599553,-3.0609265837987683
4.654549794821541,2.4087255369297744
-18.18275871666754,3.7971843343515843
30.300403887387308,-2.520309483214367
-19.711493543003108,6.145476175154817
7.056924477670433,-1.1605310217520586
-21.370049310316507,3.719245721258988
31.166881808182705,-2.269117897589223
29.5816772180559,-3.926602626491402
-19.23902020188903,1.6318903182053917
30.85975409787193,0.9296165488832071
27.539038598304266,-2.148781769054281
28.811496105132935,-0.8824812969353022
-21.40267999829623,4.082838156140939
-17.272849026709217,5.660229998222253
-19.27290130367373,8.706424531376461
4.679898103065312,2.4977560280899325
2.3905889428024714,-0.7703487877215381
-19.99426741121242,5.926739724797384
1.1965749590594177,0.17580087860787993
30.18835720543726,-1.2984649574301486
-23.45550220417337,1.7669773363663617
-18.200306803344745,5.111112626102099
31.21344469280378,-2.698494143310457
-17.423670773672647,2.6267369697533387
-23.07099843011334,4.6777977441325245
31.21452661435036,-4.106466061446563
-21.238524268720546,7.733653591103759
30.98795533407003,-1.3195775374417515
-19.597250133473604,4.455838467610012
3.4844564217234053,2.358427642674731
31.742133513458977,-1.7313417418371766
-19.111720178034414,5.79638787113344
4.1918583358481865,-1.5986848885579106
3.5718861612090143,-1.1768869041358643
4.761080381496465,4.80809736688018
-18.4131059259777,6.571192987652506
-22.302206163764595,0.713152960702697
31.503498807645528,-2.6619467240872345
1.177011137862169,1.9938451131050108
29.908588006662608,-3.251855437204144
4.879998354676458,1.3065164789080113
29.589315619193368,-6.048925186152564
-18.514662155466066,4.352141257983675
-19.459869686177395,2.665433147516087
2.8445330873768304,0.551600753832876
28.814817879854022,0.9968230967475349
3.790206416884326,-0.5543564261125323
33.06521824616583,-4.299581365364768
28.16321391631391,-3.2750940952014025
31.43126905045657,-5.267115825522465
30.129979633041145,-3.391426969557501
33.81592558920645,3.0558280011083543
-20.237483532600784,5.563493201624058
27.603676150659982,-3.323976386404577
29.573654024488466,-5.0412260324233245
28.285397175061586,-2.743367295185071
26.949793082608792,-3.099099733778942
32.718109553419055,-1.0507472142717635
-21.57082267023561,5.266392507246427
30.66996307292753,-0.5357123643515742
-18.856326137134303,2.6731147628324035
-19.993659122514966,7.6938505933223365
-18.503043736977617,8.023281665476713
4.980410543980163,2.4468554204732946
1.4437628955067292,-0.17612087028771706
5.028065880939046,-0.13869615231518703
30.089293912833924,-0.9765628580998289
2.8938612303042195,-0.7584069771824287
-22.784004637701127,0.005732411435321438
3.8780105266607343,-0.8563391299251955
5.817333290724039,1.6134617981754795
4.008796949568885,0.758736556097451
27.319731468794465,-3.3324689609191
1.2927870494774534,0.9821295071659372
30.09668334152257,-5.821372445225135
29.673286755837868,0.9121581604014439
27.40757763650052,-0.8877191978057992
30.244310741886757,-0.2860732013021885
28.11109251836158,-2.9238660023301715
29.38175520285026,0.50984200466789
27.470044068274333,1.4370640960118748
30.36571565209041,-0.6972823113970783
29.585829224132414,-5.510041685532871
7.258327625290734,0.8530072511735067
33.76957905643006,-1.7509616209575403
2.2033642024840985,-0.6586769587526681
31.670785328975068,-1.2727688789328746
-21.782940021259442,1.7793699583434464
31.75218548337349,-2.295077019922953
7.44638810594669,0.08416717777029373
33.94924848909559,-3.8594486816267417
-20.917716026135935,6.6861291961072515
29.145551619186723,-1.2868799870494851
-17.077208656696886,5.086159779952664
4.5857085563543,-1.488424316974917
-19.656633054579913,4.733631545454199
7.158654275298076,4.307173578277398
5.4796142787359114,1.9308113187333775
-17.98828250813134,7.624972802359752
-20.84540247200982,6.345788524999238
27.167899266163452,-3.589248801312075
-17.686255830684154,3.4945779214668664
1.6293386117845077,1.1643089141298901
-22.339605327526552,4.153729021745932
1.6161428855948778,1.8370074301994226
31.140635225035833,-4.0407201444771665
28.489179038367162,-1.2737120100965755
28.499826996296736,-5.82677331881956
2.2872279025176705,-2.5004258297409705
28.60781157660962,-3.8633355723711658
32.127765861935075,-0.3614039427325406
-18.124044680260372,6.496924935666703
-20.128598513705217,4.2777298693229815
29.334283559438337,-2.877722198512703
-19.663142197182154,6.036405997342333
6.659372198390042,-1.5926421976101013
29.010986246878478,-2.722841838311533
6.135814814544823,-0.2951358024462052
5.2576394008024545,-0.9595393247132155
30.89851238011093,-5.7631527049338995
7.278024176763944,0.14318985665511644
5.490356296230528,-2.4021082265778277
-19.960083299638658,7.25828020657527
8.12304848150011,1.139284306129771
6.144315666629224,-1.5148819262720346
-20.428592945608255,4.802541068505249
4.831673125562678,-3.2623295812812683
31.054790562746433,-2.545455980310455
31.136895833861004,-1.3581281468316122
-22.282808047301234,5.464326894216806
4.998772071043211,0.45351081451121017
27.492140997095884,-1.5650978990618485
29.323959762521387,-4.033580237919649
9.197414445795175,-0.07373254553600757
4.036358840596984,-0.5339322863305934
-19.16206155005612,4.1628994067384175
30.94366125733462,-0.3642199003203477
26.709759462045273,-4.03860322637008
-19.066285547111587,4.6604258551078095
2.9233800956491,-4.833809990510502
-21.510809155101406,4.5830206526982415
-20.232674688366153,7.333399819080695
29.854674209792073,2.999040658634544
-18.110255076787023,7.293629534534281
30.802355305368334,-3.4575185778875737
-17.78815646440104,3.224170837842428
-25.262342709037895,-0.697930038188245
-22.360957780900023,4.545371616664769
-23.226815847784124,5.758932016533035
7.978435136975888,-0.05557691834489751
-22.187229539414936,4.818408371776345
-22.23694226608214,3.0380098314515678
29.80143941908697,-1.693927084254899
29.42954280964882,-4.9236504217674675
6.04942735395005,2.5153250444974873
1.7195445664308804,2.219639472186974
4.956992714175542,0.2914525454633393
5.042729512555461,-2.8339116123934125
-23.88739179180648,5.231708552738149
-20.605554384271255,6.687974032438183
3.835572296508306,-0.6865408493942591
5.032886286220988,-2.536421113510169
4.787746550085146,0.2782668141403243
-20.659948930581336,7.953013906962599
30.062005977005356,-2.7160619088908993
32.63338003186319,-4.699677917111343
7.908067084270121,-3.5143636264624822
-19.660105104297724,4.802511766983194
3.0849461246658363,1.081201843704883
6.054990921341084,-1.5026519702420682
-21.866230974977523,4.212137681879319
-18.60052387370373,5.2951912870763795
4.5214830957415355,-3.3857900786630473
29.330885847118513,0.6331031907785074
35.75146277191076,-4.141718687493257
3.5033709431032687,2.8925921978294697
-22.28019129952514,0.2519195518010955
29.07113931387219,-2.709644547095651
3.1588509338243846,0.28897820021574067
6.095549447911209,1.9808490663184453
37.18909533659122,-3.396187274083685
-20.992526705597772,7.066455658233661
3.069391593974553,-1.43428248103202
6.35531497624345,-2.994894841640821
29.089147976138634,-1.2874654630451328
29.001369440247828,-2.7539141835868293
-20.772675495110935,5.500350224608723
-18.519039204866257,4.757727933785316
-19.410164735168582,2.7847597893944993
5.709873718853404,0.45430191084356886
4.419702548082069,3.4422017961921045
27.45636257705452,-2.9721380609299346
2.8229301461347487,2.5495298460820757
30.033977566297565,-3.004417860015643
-20.636526027502164,5.854768621308463
2.3307968113511564,0.6956493864863108
5.461982769924778,2.8138993106015935
-21.202722639056248,6.698652618444044
-19.603076849493114,3.574048706721518
-18.840165850449022,4.028773251253339
-17.07691800750043,3.0267229634349917
30.306621741250254,-1.626058554685787
28.844278458588054,1.4998423102705494
31.005343056746273,-2.3723500436670086
27.78891179795516,-3.5923496551320158
-23.082518922654458,6.250669821203417
33.05599828488717,0.3041329306151539
28.287825541573735,-1.509148534872729
31.66266335275591,0.7805998132162002
29.540127170761394,-1.7188718136361811
-24.12725336054145,6.296628284777999
-15.484425741973176,2.964253557724851
-20.66138345617854,6.156960111034621
-19.71186259853576,3.90375332732548
-24.372894106873158,6.421011757359441
29.312051779497644,-0.3091383260024303
2.959771109138155,-2.1163012939204187
31.18437680061441,1.5888416425587315
3.6208023199108013,0.5882383473894448
8.228300677815517,-0.8495180296502721
3.192813699732225,2.1655826314697593
1.4792592867497856,1.1726493631332569
4.216021273111757,1.4507744332558723
5.653031130314294,-0.4046007467406083
28.722550935262078,-3.0138431006471578
30.77012836888496,-2.8547249971958837
26.359250827597286,-4.504570537958578
29.446692220164074,-3.600304145284169
-19.821459936123148,7.820067663955945
-17.991607220983077,2.5998695975347603
-19.64684801625906,4.305048051701851
29.603308920604288,0.8531082648314761
5.0134870428807154,1.165781855891119
3.116234095356195,-2.4251151336562677
6.565559308518664,0.44420782734180964
4.79631122442558,-0.9618151066137189
27.665372091506377,-4.056688359208771
28.75223804374553,-1.1983857776617728
-19.938246549465955,5.423434860106912
8.273436516214595,0.2923171691241195
-18.157657566362108,6.599155693387781
4.990945881053419,1.1948686220681008
32.508528394253794,-2.644690333876511
28.256272435113214,-5.983665370616062
29.219222828001232,-2.981177575536125
4.085765296990057,-0.3590557908213709
-20.8890083465122,5.2137986738008655
-18.890779503725692,6.770201063333528
32.504860640882946,-0.013935996087473423
30.349024354944344,-1.1719075605796214
3.966437687076319,4.406270262065609
5.96487208093998,0.5476960372103631
7.770260831547816,-3.7221604406896294
31.667760883577806,-3.485262829348421
-19.80855230931477,4.652944007965496
31.334254111326533,2.64394837559097
31.263828194111532,-1.7569249071296467
-16.858604977446376,6.466576833032475
3.477077062196845,-0.07637190261774879
6.132751492927657,1.9422294867303924
6.164689236041246,1.300759930013078
4.301586191022059,-0.09621936799942311
6.5808603536757495,0.02764638738927536
8.792352211283582,1.891194480207582
-18.16723485155849,4.9834855416854795
28.0153922764375,-0.479253033849087
27.704947776958466,0.676963260336958
30.786075517593865,-2.0747921284504858
24.17557413936229,-3.469571480395394
27.625885024805456,-1.2364937035890473
-18.666030410291878,6.678159936699784
-21.841054747777395,1.8502325207096675
32.338756634639154,-3.4451222302554565
-22.734523747851476,5.928806237927535
3.037376314152597,2.204772229795608
30.18089824211827,-2.3598949028027656
-21.026003418278062,3.410019544214749
-19.727687848807356,5.976061887457381
4.738014189143723,-2.4033364487758977
27.575028631400983,-4.3826441220948285
5.100929321530338,-1.2352154857314117
1.9627583811388716,0.2786796240199466
29.891990803624715,-3.9693176234071172
-23.039046867484377,6.122595842322244
-22.013168417110375,6.526038034760825
30.312321624983557,-5.937009757245265
28.77417276858225,-3.2120708867718024
-17.315547099540805,4.48668272473479
26.350086155433686,-4.818652297755378
3.925025441572328,-0.48892640782417346
4.546016533494575,0.17944509195410305
-16.37454764771734,4.562801030146096
27.79959748388731,-3.898047713593405
4.487741073553509,0.5423672321202225
-21.94997239617777,7.338471129247473
5.335637009487828,0.07062940594926576
3.400482486659431,3.120903446539562
29.711061366450522,-2.1434700782153517
27.543844774794504,-2.5401307655460634
-0.41615869198775,2.4400005463822696
4.6048813072195305,-1.2852826606983485
29.765187878380765,-0.01282170244245262
2.972934828720958,0.11666316920092915
30.150355693682744,1.115056972906637
4.929612371685079,-1.393711680746704
7.780250497083293,-0.22720389448230668
4.964413448705891,4.160768424190457
-21.208245658498527,7.8334385032914
30.74584901553509,-5.673159144120373
-22.945799052350534,3.9353189206373567
-20.52780721815733,3.732389523398382
1.7478498006157275,0.6580793801078478
28.23405317981518,-1.7020160679224767
30.90538104696576,-2.8269632027267364
-17.351389667811965,6.287127957036275
29.328759740705667,-2.462760139154696e-05
-20.233245931936278,7.9947113837656305
-20.28801145948898,7.810599515560897
-18.23056901528663,3.207102005679449
31.200565217643856,-6.570471563173236
-20.743501940062945,6.097592367250997
-20.88730943226116,4.57990776930961
30.12456338363306,-2.076699797805086
2.546220400623349,1.8199575456703523
-20.045881316402845,4.191630830480713
5.383660605205864,1.0793330729344206
3.8858059859270035,0.5240753875491191
-18.964786083286313,4.851781717760161
5.2308070573514405,0.6906251240233138
-20.206518406616617,4.7212626055372295
-18.59918904834765,6.965001419106952
5.498246553841405,1.655482799205081
-15.784956529061759,7.296184505282194
-20.828707737854348,5.640012791870597
2.1420458417657984,2.053615047263867
31.157251562451798,-4.4960645819028855
6.619970465803794,2.5638431129997943
-19.64597555418562,4.183163211969063
32.021972180711,-2.5730936941093807
29.530612772018703,-2.3192838624121364
27.7925268157004,-2.589917139135089
-16.801258956063823,1.9842160511452405
29.006185486343096,-2.351025741030039
-21.861047674876662,3.1403703420801037
30.258915238637435,-3.17633220932298
-18.072637033429306,7.157823876916572
5.528243858288904,-1.2343264531494875
28.48267277080019,-4.822126832293111
7.296063022118257,1.7242696071229593
-19.956314972619776,3.7401033037213334
-20.196332166545357,6.076181958021989
28.08498909257405,-2.072184133513044
34.940012563469324,2.7615277382743937
6.543057197973155,-2.380819556475352
5.998939797661514,-1.9143931471531515
-20.28041767983487,4.586152779747375
4.327343121396934,0.7197505544947288
5.825463591740236,-1.0353963332528007
3.7446126903011665,-2.6560574991177526
5.491768144147435,-1.204481250262462
-22.250682031802576,5.896953056960473
-18.706521496041297,5.395011520635234
-18.75851944158112,4.439470995602567
2.512916615242686,-0.06167447008180647
28.590443664962443,-0.6178800364392216
27.75699777920604,-3.9326356466043584
29.045828732693778,-0.7830703010666604
28.285230449356714,-0.12643250876071677
-18.98782996128755,7.7180724199353845
34.97522418813466,-2.1236480840895458
-17.35262220228167,5.037021568329741
28.597800467345195,-3.657987738135791
-19.655222748342123,7.119818740863839
29.88388927871072,-0.5103584381466908
3.9993924437818658,0.942418666454291
5.973281240905728,-0.6835935834459553
28.862947852798264,-1.7614251131132095
7.908010311507294,-1.3187985072681336
30.030612934203972,-0.08508749613861855
30.278848523026042,-1.2346721684620634
5.201452220798476,-4.199596046517717
31.72432174240614,-3.262259507658656
27.7945185031585,0.11272247002291902
27.244847650043088,-1.269680243452653
31.531021476138864,-2.818960820768885
3.553182006973486,0.9032089538849208
-22.51531297504354,4.476441158407498
32.27967294144482,-1.9774457897584403
31.126941406978222,-0.13340294023752475
-22.102597715249384,5.952315715075684
27.976332628773523,-2.105798281991067
1.485337485422063,-0.0860564038155269
4.02377424267158,-0.5227831178254337
34.18412505002037,0.4947573611018985
6.773499620994442,0.5869225501401317
27.792957221947162,-2.2249142262862445
-23.308850838403085,5.381733174547506
4.512621815478307,0.8773083549690184
-23.620276081120515,3.989748870097525
-17.52560882851165,5.552021893125575
28.43365230549205,0.7401533444913215
-20.18480015845657,3.9856430302684904
3.8607584493245257,0.9088097955035045
3.8679588103398403,0.6563674104350702
-18.025052996332487,4.29125177140816
8.099393741935028,-1.479619850453822
-23.26830953643986,6.360606533781251
30.205370866491723,-2.7251307710853365
-20.102583031477426,5.431858197246234
-20.74902995912759,2.320839474735337
5.17029691021382,-1.62806428468577
28.92450157236961,0.9807009574692289
3.516537213768492,-0.47814254750584523
6.04699538464017,4.999313304864489
30.55205418801876,-2.053258007794251
-19.34022149941807,2.768213969510733
-21.65741350022972,3.4060428944301115
-17.160740273135453,5.963037054921644
4.767923396574741,-2.1604405164233174
27.096116644004766,1.1218944066199543
-18.047233227813102,3.6515725263907024
31.45636479069193,-2.826928574479866
32.75305534391847,-5.567991049025807
3.3275994854644213,-1.9229695624858059
-19.097119903454136,5.008249698903389
5.449831119283078,0.3688329942909284
-22.326432266869592,6.334130704270584
26.684486364338245,-3.1569965925664687
-22.33868658052852,4.118103464793984
6.25625238177619,0.8341552538834734
33.22495609819512,-0.5922720794064509
31.380624246078877,-3.710084490321223
28.19664481295277,0.9435739775339367
-20.081442731873214,3.1780439867014545
-19.98619552286168,5.7048623274680805
-20.99149994395714,6.2413654155124165
3.5228289790043976,0.34164283871548695
5.311782346850363,-1.4582324967923375
4.31997627782851,3.085946804233158
-23.93760073031318,6.283705934496114
